034_0001.png;124;117;15;18;103;94;34;
034_0002.png;100;97;15;14;88;77;34;
034_0003.png;211;183;23;18;188;158;34;
034_0004.png;222;188;38;27;181;156;34;
034_0005.png;110;100;17;17;88;78;34;
034_0006.png;185;166;37;19;165;131;34;
034_0007.png;209;189;31;26;185;162;34;
034_0003_j.png;124;108;23;18;88;75;34;
035_0001.png;150;136;29;21;124;106;35;
035_0002.png;90;77;12;7;79;69;35;
035_0003.png;99;83;14;8;86;71;35;
035_0004.png;132;122;22;14;116;95;35;
035_0005.png;220;203;30;28;196;177;35;
035_0006.png;219;180;24;12;192;163;35;
035_0007.png;249;206;36;22;218;185;35;
035_0008.png;491;402;69;31;462;384;35;
035_0009.png;190;158;34;20;157;132;35;
035_0010.png;237;198;39;27;197;163;35;
035_0011.png;243;208;35;17;219;174;35;
035_0012.png;260;221;41;25;224;190;35;
035_0013.png;197;165;30;17;169;144;35;
035_0014.png;204;185;37;25;178;152;35;
035_0015.png;117;109;21;19;101;90;35;
035_0016.png;120;107;23;12;101;82;35;
035_0017.png;148;129;20;15;131;110;35;
035_0018.png;134;116;26;16;108;93;35;
035_0019.png;168;146;44;30;137;117;35;
035_0020.png;147;134;26;11;129;113;35;
035_0021.png;160;149;24;18;135;119;35;
035_0022.png;145;124;29;19;121;102;35;
035_0023.png;147;138;24;27;125;116;35;
035_0024.png;208;192;30;30;186;163;35;
035_0025.png;122;109;11;14;102;93;35;
035_0026.png;103;90;12;10;90;74;35;
035_0027.png;161;160;16;28;132;129;35;
035_0028.png;117;102;17;13;95;82;35;
035_0029.png;163;155;25;24;144;126;35;
035_0030.png;171;161;26;24;146;131;35;
035_0031.png;107;105;17;15;90;80;35;
035_0032.png;143;135;20;17;131;113;35;
035_0033.png;171;160;25;19;147;128;35;
035_0034.png;116;99;20;15;88;76;35;
035_0035.png;118;91;32;17;93;68;35;
035_0036.png;165;139;18;19;133;111;35;
035_0037.png;123;107;18;17;102;92;35;
035_0038.png;170;171;28;33;144;134;35;
035_0039.png;97;90;11;14;80;73;35;
035_0040.png;167;158;27;24;146;129;35;
035_0041.png;220;200;17;16;205;180;35;
035_0042.png;140;136;24;26;122;116;35;
035_0043.png;93;92;13;13;81;73;35;
035_0044.png;134;125;19;22;116;104;35;
035_0045.png;179;171;28;35;153;136;35;
035_0046.png;179;174;21;25;156;135;35;
035_0047.png;127;130;20;21;116;104;35;
035_0048.png;320;282;49;39;275;234;35;
035_0049.png;216;196;21;22;193;167;35;
035_0050.png;211;214;23;33;192;179;35;
035_0001_j.png;112;115;18;21;92;83;35;
035_0002_j.png;130;107;27;17;99;83;35;
035_0003_j.png;91;81;11;8;82;71;35;
036_0001.png;105;99;13;11;94;83;36;
036_0002.png;127;125;19;22;116;104;36;
036_0003.png;160;149;20;18;140;123;36;
036_0004.png;157;147;21;25;139;126;36;
036_0005.png;82;79;13;11;75;65;36;
036_0006.png;130;126;20;29;110;109;36;
036_0007.png;150;129;21;18;123;107;36;
036_0008.png;102;90;19;15;89;75;36;
036_0009.png;119;119;19;21;102;89;36;
036_0010.png;200;179;27;30;181;151;36;
036_0011.png;129;114;15;15;111;92;36;
036_0012.png;159;135;23;17;137;106;36;
037_0001.png;234;208;43;29;196;183;37;
037_0002.png;292;280;53;40;246;236;37;
037_0003.png;299;282;57;41;233;220;37;
037_0004.png;264;251;36;35;214;218;37;
037_0005.png;247;257;34;31;214;210;37;
037_0006.png;297;245;61;26;239;206;37;
037_0007.png;138;117;30;20;107;96;37;
037_0008.png;132;126;22;16;100;94;37;
037_0009.png;129;120;14;14;101;101;37;
037_0010.png;118;101;19;15;87;83;37;
037_0011.png;117;103;25;22;95;90;37;
037_0012.png;204;172;38;13;178;145;37;
037_0013.png;225;185;37;13;198;156;37;
037_0014.png;145;126;31;22;124;105;37;
037_0015.png;219;198;38;27;198;165;37;
037_0016.png;168;147;28;23;134;115;37;
037_0017.png;133;115;21;16;111;93;37;
037_0018.png;212;197;29;33;183;171;37;
037_0024.png;141;126;20;20;114;103;37;
037_0006_j.png;121;115;24;28;88;87;37;
037_0014_j.png;102;106;19;20;79;83;37;
038_0001.png;154;144;23;16;130;111;38;
038_0002.png;249;217;41;34;219;183;38;
038_0003.png;130;116;21;9;107;95;38;
038_0004.png;179;155;34;21;150;135;38;
038_0005.png;176;173;21;21;143;144;38;
038_0006.png;153;138;28;23;129;112;38;
038_0007.png;158;149;30;25;140;121;38;
038_0008.png;153;144;25;19;128;116;38;
038_0009.png;149;138;19;15;131;123;38;
038_0010.png;109;97;16;12;89;76;38;
039_0001.png;93;84;18;11;80;69;39;
039_0002.png;105;94;15;11;85;74;39;
039_0003.png;116;112;17;15;103;96;39;
039_0004.png;105;95;16;16;87;79;39;
039_0005.png;184;148;23;16;154;130;39;
039_0006.png;179;161;28;26;153;134;39;
039_0010.png;199;173;26;28;161;149;39;
039_0012.png;258;250;25;28;237;211;39;
039_0016.png;245;231;36;35;211;189;39;
040_0001.png;192;186;35;24;157;148;40;
040_0002.png;296;240;65;23;249;205;40;
040_0003.png;164;148;20;14;145;126;40;
040_0004.png;173;167;27;28;143;139;40;
040_0005.png;180;169;23;19;146;143;40;
040_0006.png;213;196;37;28;164;169;40;
040_0007.png;137;141;19;19;120;114;40;
040_0008.png;175;169;33;26;145;132;40;
040_0009.png;146;121;22;17;115;98;40;
040_0010.png;139;130;28;25;116;105;40;
040_0002_j.png;169;153;42;33;125;111;40;
041_0002.png;108;91;14;10;93;78;41;
041_0003.png;111;111;18;20;92;89;41;
041_0004.png;84;81;14;13;70;64;41;
041_0005.png;102;98;15;14;82;85;41;
041_0006.png;144;134;32;16;122;99;41;
041_0007.png;180;164;35;22;157;135;41;
042_0001.png;115;103;23;14;95;83;42;
042_0002.png;182;148;37;11;138;127;42;
042_0003.png;189;167;46;31;149;142;42;
042_0004.png;158;158;21;29;135;126;42;
042_0005.png;141;125;22;14;118;97;42;
042_0006.png;121;115;21;16;100;85;42;
042_0006_j.png;100;105;15;13;78;79;42;
042_0011_j.png;111;105;18;18;89;81;42;
042_0002_j.png;145;134;32;27;114;106;42;
042_0003_j.png;123;112;24;24;93;80;42;
042_0004_j.png;141;129;23;21;111;98;42;
042_0008_j.png;128;129;17;25;104;97;42;
043_0001.png;98;91;14;15;80;71;43;
043_0002.png;107;99;27;17;88;73;43;
043_0003.png;130;113;19;11;107;89;43;
043_0004.png;97;89;19;12;86;71;43;
043_0005.png;106;106;21;15;97;78;43;
043_0006.png;105;97;17;13;93;77;43;
043_0007.png;116;104;14;8;99;85;43;
043_0008.png;181;156;44;23;158;122;43;
043_0009.png;112;99;19;18;89;79;43;
043_0010.png;159;156;24;30;136;127;43;
043_0011.png;86;79;14;10;79;68;43;
043_0012.png;114;104;25;20;92;80;43;
043_0013.png;119;120;16;11;107;93;43;
043_0014.png;106;94;16;15;83;73;43;
043_0015.png;143;143;16;17;132;119;43;
043_0016.png;266;223;26;21;235;192;43;
043_0017.png;133;123;17;21;115;95;43;
043_0018.png;289;264;20;33;259;212;43;
043_0019.png;131;121;19;17;115;103;43;
043_0020.png;157;151;26;19;141;122;43;
043_0021.png;206;209;31;31;190;174;43;
043_0022.png;168;156;28;24;144;123;43;
043_0023.png;215;198;18;22;190;168;43;
043_0024.png;191;187;18;26;167;153;43;
043_0025.png;131;116;25;18;111;89;43;
043_0026.png;258;238;24;24;232;192;43;
043_0027.png;100;100;9;16;88;84;43;
044_0001.png;132;122;29;23;105;94;44;
044_0002.png;119;103;14;11;93;85;44;
044_0003.png;109;95;15;17;85;83;44;
044_0004.png;188;157;36;18;162;129;44;
044_0005.png;107;107;18;15;90;81;44;
044_0006.png;91;79;19;14;76;66;44;
044_0007.png;119;103;18;18;99;83;44;
044_0008.png;245;221;19;27;226;190;44;
044_0009.png;179;158;21;16;161;133;44;
044_0010.png;105;98;13;11;91;83;44;
045_0001.png;151;146;27;27;121;113;45;
045_0002.png;88;101;17;26;70;78;45;
045_0003.png;168;164;37;36;146;130;45;
045_0004.png;147;143;24;31;114;112;45;
045_0005.png;76;70;16;16;58;52;45;
045_0006.png;283;267;47;55;237;217;45;
045_0007.png;115;111;24;21;92;84;45;
045_0008.png;240;204;42;36;197;166;45;
045_0009.png;141;131;25;25;105;101;45;
045_0010.png;117;115;23;26;87;83;45;
045_0011.png;102;107;17;22;79;80;45;
045_0012.png;113;103;22;16;87;75;45;
046_0001.png;77;76;15;16;63;59;46;
046_0002.png;88;75;17;15;76;65;46;
046_0003.png;99;90;15;12;83;72;46;
046_0004.png;133;137;25;25;115;106;46;
046_0001_j.png;281;245;73;58;220;200;46;
046_0005_j.png;127;134;23;23;101;100;46;
047_0001.png;120;102;26;23;95;83;47;
047_0002.png;120;102;28;22;96;83;47;
047_0003.png;120;102;27;23;95;83;47;
047_0004.png;120;102;26;21;95;83;47;
047_0005.png;232;208;48;44;186;172;47;
048_0001.png;122;114;19;17;106;87;48;
048_0002.png;167;163;25;30;150;127;48;
048_0003.png;121;116;22;26;106;90;48;
049_0001.png;99;99;18;25;80;81;49;
049_0002.png;92;98;12;19;77;81;49;
049_0003.png;167;153;32;21;135;114;49;
049_0004.png;185;176;28;24;150;137;49;
049_0005.png;171;171;19;32;150;138;49;
049_0006.png;266;254;32;42;239;200;49;
049_0007.png;89;89;16;14;77;69;49;
049_0008.png;87;81;14;12;71;64;49;
049_0009.png;89;85;10;14;75;71;49;
049_0010.png;109;98;22;15;89;77;49;
049_0011.png;123;116;27;21;106;92;49;
049_0012.png;143;128;30;19;121;101;49;
049_0013.png;185;175;35;31;152;139;49;
050_0001.png;181;172;39;31;137;133;50;
050_0002.png;181;172;38;32;138;133;50;
050_0003.png;181;172;38;31;139;134;50;
050_0004.png;166;150;47;30;127;114;50;
050_0005.png;166;150;45;29;128;115;50;
050_0006.png;166;150;44;32;128;116;50;
050_0007.png;161;153;43;33;121;106;50;
050_0008.png;161;153;41;34;122;107;50;
050_0009.png;161;153;43;33;121;108;50;
050_0010.png;157;152;28;31;122;120;50;
050_0011.png;157;152;29;29;122;120;50;
050_0012.png;157;152;28;29;121;120;50;
050_0013.png;227;214;53;42;185;168;50;
050_0014.png;227;214;49;41;188;170;50;
050_0015.png;227;214;52;41;185;169;50;
050_0016.png;408;359;83;59;317;282;50;
050_0017.png;408;359;83;60;314;281;50;
050_0018.png;408;359;79;59;317;283;50;
050_0019.png;446;365;96;46;343;299;50;
050_0020.png;446;365;96;46;342;296;50;
050_0021.png;163;155;36;26;126;120;50;
050_0022.png;163;155;33;26;126;121;50;
050_0023.png;193;181;47;27;159;145;50;