0012.png 651 271 715 336 835 206 867 240 
0007.png 725 252 799 329 
0158.png 653 250 722 313 
0098.png 360 473 402 517 455 385 518 446 
0279.png 459 178 520 232 
0038.png 356 433 400 473 352 367 404 421 461 313 569 427 
0165.png 629 281 737 374 604 159 738 295 
0276.png 862 219 987 334 
0118.png 428 409 477 451 
0110.png 980 351 1031 402 
0015.png 52 264 143 359 
0263.png 374 423 407 453 
0069.png 1034 656 1062 693 695 90 781 161 
0363.png 949 232 996 273 
0148.png 742 91 807 146 
0284.png 867 238 983 357 
0157.png 443 522 486 566 
0242.png 723 159 873 293 
0216.png 829 281 935 391 
0117.png 744 426 815 492 283 87 370 152 
0111.png 676 232 747 306 540 223 618 302 
0066.png 688 257 801 354 688 135 820 273 667 84 693 105 
0369.png 769 312 834 382 769 236 836 306 
0211.png 347 572 406 632 
0033.png 650 144 751 249 
0274.png 493 308 553 372 
0052.png 712 471 757 517 887 435 924 473 837 323 868 356 795 321 828 355 
0070.png 752 293 798 339 
0317.png 798 220 854 275 
0322.png 376 162 438 224 
0299.png 642 175 749 261 
0144.png 267 274 356 352 
0131.png 147 188 202 248 
0018.png 551 61 623 120 
0094.png 1128 381 1176 421 
0331.png 607 366 702 451 987 299 1036 351 
0128.png 278 339 312 369 
0245.png 503 308 646 439 516 305 576 367 453 305 514 368 
0100.png 477 473 573 574 
0341.png 458 314 582 440 
0119.png 634 387 690 434 
0121.png 345 327 378 363 
0030.png 310 366 348 405 
0113.png 538 229 605 298 
0089.png 480 214 632 324 
0152.png 840 263 912 327 
0156.png 627 360 705 440 
0220.png 433 445 495 509 
0044.png 316 261 401 349 334 179 402 239 
0364.png 233 408 264 439 525 207 640 326 
0236.png 164 189 241 260 
0292.png 557 377 643 469 566 332 640 408 
0183.png 482 346 535 401 479 293 523 331 
0285.png 806 228 881 305 
0366.png 356 287 405 339 
0295.png 483 289 579 374 
0286.png 500 457 544 502 502 400 547 445 
0025.png 439 430 484 469 
0079.png 570 345 656 418 572 242 652 311 
0337.png 825 245 875 297 
0003.png 631 349 706 428 
0034.png 1142 141 1258 259 
0207.png 477 441 565 531 480 334 567 425 609 272 735 395 
0133.png 535 302 655 426 
0053.png 366 421 405 454 560 80 592 112 
0316.png 685 205 798 319 536 199 645 310 
0067.png 743 296 833 389 734 211 820 301 
0218.png 484 182 635 337 
0260.png 636 286 686 338 
0222.png 544 412 602 465 546 326 618 399 
0107.png 754 141 874 261 
0303.png 640 141 706 195 
0163.png 627 207 669 243 
0297.png 567 363 656 455 584 256 657 319 
0080.png 579 283 610 312 523 279 563 321 
0059.png 543 385 585 430 
0153.png 682 166 729 216 626 163 676 213 
0289.png 641 295 742 383 640 179 768 310 
0095.png 650 154 691 190 
0077.png 529 124 618 192 
0339.png 68 214 127 275 
0251.png 777 196 808 228 736 196 768 229 
0135.png 699 326 786 415 
0105.png 400 305 510 399 379 186 511 321 
0196.png 251 306 301 358 
0045.png 742 177 794 225 
0039.png 534 239 645 341 
0088.png 433 370 503 442 
0109.png 659 249 771 342 147 126 263 247 
0252.png 742 273 856 393 679 67 702 94 
0314.png 339 166 394 213 
0172.png 892 234 973 316 
0050.png 423 270 476 325 
0170.png 154 297 245 395 
0323.png 1196 657 1279 719 484 327 531 375 
0342.png 622 305 682 368 552 299 615 365 
0185.png 634 161 699 217 
0049.png 686 354 804 477 
0332.png 444 328 500 389 447 256 502 316 
0351.png 446 183 498 233 515 179 568 228 60 -21 121 38 
0064.png 486 89 585 175 
0261.png 493 323 555 387 490 258 542 303 
0257.png 618 307 698 390 
0318.png 645 333 708 382 
0055.png 749 286 827 354 
0068.png 236 254 329 349 
0353.png 33 682 102 754 401 442 572 620 
0006.png 1173 175 1246 249 
0150.png 290 330 389 433 
0181.png 700 220 769 281 
0166.png 769 208 840 267 
0365.png 525 204 583 264 610 205 655 244 
0302.png 895 353 934 396 
0229.png 689 174 792 278 
0137.png 1 168 199 384 
0099.png 707 223 733 247 
0221.png 464 214 523 265 343 214 402 265 
0334.png 720 257 778 312 
0188.png 397 121 553 279 
0123.png 592 442 635 485 590 371 637 408 
0357.png 645 312 696 358 
0037.png 491 494 530 535 424 281 591 452 
0228.png 1132 193 1236 305 
0097.png 565 233 597 263 
0304.png 454 146 525 220 
0147.png 822 235 916 331 
0139.png 391 256 454 323 
0192.png 411 307 441 337 
0268.png 379 144 537 306 135 140 293 301 
0206.png 654 197 686 225 605 195 637 224 
0219.png 638 144 698 192 
0208.png 770 123 904 226 583 115 717 211 
0072.png 848 324 894 364 
0288.png 798 212 960 372 185 229 225 271 
0273.png 485 354 557 427 402 347 476 425 
0084.png 768 149 827 202 
0001.png 450 382 539 475 454 274 541 366 
0177.png 658 117 859 327 
0092.png 632 233 704 309 
0277.png 477 454 512 483 
0051.png 515 333 543 359 
0146.png 468 317 551 407 474 215 554 302 
0186.png 600 189 641 230 
0308.png 755 265 804 312 
0345.png 249 309 293 354 733 270 775 313 
0140.png 928 255 962 283 
0203.png 554 299 591 331 
0246.png 791 211 822 242 753 209 776 232 
0115.png 710 313 745 346 
0349.png 446 264 529 351 
0022.png 437 305 504 361 426 239 498 312 
0161.png 416 155 470 210 
0212.png 492 161 545 209 
0019.png 349 117 393 162 
0267.png 681 201 771 294 
0032.png 900 202 978 287 
0082.png 566 277 596 304 
0243.png 769 243 826 301 
0209.png 686 268 775 357 
0283.png 356 182 388 211 
0035.png 918 554 998 632 230 39 357 131 
0002.png 354 404 404 454 
0348.png 634 141 713 201 
0368.png 902 215 962 269 
0160.png 370 372 406 409 
0310.png 798 200 824 225 
0093.png 444 168 491 209 
0272.png 662 172 706 217 726 173 759 202 
0112.png 429 291 455 315 
0253.png 990 239 1055 288 
0281.png 635 146 693 205 569 144 623 200 
0194.png 644 209 669 231 600 206 627 230 
0214.png 635 281 747 377 611 160 746 298 
0085.png 310 77 459 192 
0155.png 723 183 834 297 
0237.png 763 360 860 458 
0213.png 790 265 873 351 
0149.png 628 168 677 211 
0086.png 559 195 605 241 
0227.png 282 215 328 265 
0234.png 561 280 631 353 
0290.png 1040 268 1115 352 
0254.png 411 378 444 411 410 346 439 376 
0014.png 419 279 463 325 
0009.png 207 350 259 395 
0124.png 378 195 518 340 403 63 521 167 
0087.png 790 187 954 359 
0296.png 108 194 226 305 
0321.png 647 283 709 337 
0294.png 345 598 391 645 
0338.png 1030 322 1090 383 55 319 87 351 
0270.png 775 401 823 451 363 128 412 178 
0350.png 449 315 551 406 443 178 548 270 
0247.png 694 480 756 534 551 207 649 305 411 204 512 306 
0178.png 586 138 679 231 470 129 563 224 
0125.png 659 335 707 378 
0313.png 766 250 858 347 
0238.png 581 126 631 177 531 123 582 175 
0215.png 745 220 793 259 624 220 674 259 
0319.png 359 284 400 326 
0250.png 981 684 1014 715 
0329.png 304 316 373 391 
0335.png 173 216 206 247 
0083.png 720 250 773 300 
0359.png 417 120 615 331 
0343.png 651 235 708 294 635 175 695 238 
0104.png 608 228 702 323 
0255.png 485 332 563 413 477 259 552 337 
0173.png 543 400 620 470 549 319 639 410 
0248.png 702 148 731 174 
0017.png 670 324 725 372 
0164.png 399 197 459 244 543 196 598 240 
0307.png 512 472 552 513 
0040.png 757 241 834 320 
0054.png 372 418 434 484 250 243 334 321 
0197.png 451 197 486 226 
0371.png 544 522 584 563 
0347.png 106 585 153 632 -2 250 51 307 
0344.png 539 241 599 293 500 151 557 210 
0169.png 243 87 313 143 341 86 410 143 
0360.png 949 232 996 273 
0373.png 267 386 345 466 
0282.png 547 445 604 497 
0154.png 370 252 410 290 
0101.png -14 328 126 454 236 232 318 315 
0226.png 740 181 804 235 
0063.png 760 162 849 251 
0287.png 356 413 382 436 
0372.png 639 121 701 171 548 119 575 142 
0171.png 415 280 452 314 757 276 796 310 
0224.png 937 204 1001 265 
0182.png 355 424 392 462 361 383 389 408 405 368 452 417 
0075.png 333 405 369 436 
0096.png 767 242 838 315 687 237 759 311 
0266.png 494 445 546 498 
0300.png 279 258 329 301 
0060.png 566 242 597 269 640 242 696 289 
0370.png 703 221 733 251 745 218 774 247 
0293.png 661 358 730 420 
0280.png 910 390 968 441 
0056.png 690 357 772 442 
0010.png 736 175 856 295 
0184.png 414 399 441 422 
0312.png 575 256 633 316 
0129.png 822 303 857 338 
0151.png 721 313 768 356 486 307 522 343 
0231.png 570 291 631 344 
0195.png 695 306 747 358 
0361.png 993 305 1055 375 
0167.png 579 397 615 428 
0355.png 218 398 444 631 
0036.png 77 354 201 452 
0046.png 753 123 815 186 
0356.png 161 492 242 576 
0346.png 922 289 967 334 
0265.png 597 264 649 308 
0362.png 442 316 502 369 
0397.png 973 0 1064 59 
0042.png 507 286 585 356 
0374.png 555 247 639 336 483 242 521 290 
0130.png 745 162 855 278 
0202.png 192 258 350 425 196 110 322 222 
0028.png 526 457 632 567 515 367 611 465 
0326.png 244 245 352 355 
0020.png 586 177 655 248 
0223.png 998 275 1119 408 
0076.png 18 626 68 671 960 330 1003 375 790 72 864 150 
0336.png 743 304 782 345 
0026.png 396 94 461 149 
0189.png 557 235 652 334 
0328.png 822 315 932 412 
0330.png 527 228 627 331 818 0 845 29 
0320.png 271 263 310 303 
0162.png 162 340 248 434 
0249.png 832 271 912 357 
0136.png 732 181 820 255 
0306.png 726 234 829 348 712 118 819 235 
0114.png 601 273 668 330 
0298.png 470 388 585 509 
0327.png 759 211 806 259 
0301.png 913 196 989 262 
0043.png 676 323 711 359 326 143 376 195 
0262.png 465 218 520 269 
0143.png 630 221 682 276 
0232.png 974 288 1015 324 975 206 1030 263 
0011.png 403 311 448 350 
0175.png 538 351 590 396 
0058.png 502 312 578 381 
