0061.png 172 250 234 328 4 
0202.png 193 102 330 227 0 194 256 328 380 1 
0139.png 393 245 463 311 6 
0240.png 825 260 926 352 2 
0365.png 530 197 592 250 0 597 195 665 250 1 691 370 738 408 1 
0197.png 444 189 489 227 1 
0307.png 507 468 550 506 5 
0378.png 390 369 490 461 6 
0322.png 373 160 430 211 4 
0341.png 453 303 571 408 12 
0396.png 773 215 804 249 4 
0252.png 757 268 866 362 0 
0255.png 483 251 561 319 2 483 328 555 391 1 
0038.png 353 355 409 409 0 348 423 406 477 1 471 298 586 406 2 
0220.png 351 474 386 519 4 430 440 491 497 4 
0336.png 744 300 787 335 4 
0067.png 736 198 830 283 2 732 286 823 369 1 
0179.png 417 372 453 410 11 
0095.png 641 140 701 194 1 
0367.png 964 358 1001 394 4 
0170.png 138 274 260 405 2 
0330.png 541 221 633 302 2 
0281.png 561 136 623 187 0 633 141 689 188 1 
0113.png 540 220 616 283 2 
0058.png 491 301 585 389 4 
0062.png 874 424 926 469 1 
0116.png 471 343 509 371 1 
0056.png 685 333 792 436 2 
0046.png 754 111 825 174 6 
0115.png 707 307 748 348 2 
0148.png 728 78 817 151 1 
0106.png 623 251 668 288 1 
0254.png 410 343 441 371 1 411 375 445 406 5 
0135.png 705 315 791 396 0 
0236.png 158 181 249 264 2 
0392.png 685 349 751 403 1 
0352.png 777 80 885 169 2 
0081.png 204 358 236 389 0 240 359 272 389 1 
0251.png 733 190 773 222 5 778 192 811 222 1 
0219.png 630 136 703 197 1 
0363.png 938 221 1005 279 4 
0100.png 487 371 593 438 6 482 462 587 550 1 
0120.png 140 172 216 291 10 
0215.png 615 208 682 263 11 736 214 802 263 1 
0092.png 633 222 715 293 4 
0293.png 655 353 739 424 11 
0245.png 514 300 570 351 0 574 305 628 355 1 
0285.png 802 221 875 288 1 
0207.png 472 323 558 403 0 468 430 559 509 1 607 269 750 401 2 
0386.png 198 441 261 490 2 
0083.png 709 235 786 308 2 
0149.png 619 161 681 216 0 
0377.png 701 321 774 382 4 684 299 704 314 3 
0369.png 763 229 828 292 2 764 305 834 369 1 
0031.png 502 173 618 294 2 
0086.png 565 196 599 224 6 
0339.png 68 206 137 261 4 
0203.png 550 292 596 335 0 
0226.png 735 179 809 236 6 
0201.png 183 253 264 398 4 
0375.png 522 298 613 380 9 517 396 620 481 3 
0338.png 1036 311 1097 370 11 737 385 770 418 0 739 431 769 456 1 
0164.png 386 187 470 248 11 527 184 619 246 1 
0104.png 598 216 691 303 2 
0072.png 836 311 900 370 0 
0257.png 627 302 705 370 1 
0040.png 758 227 849 305 6 
0326.png 235 239 353 361 1 
0076.png 789 57 875 138 1 959 324 1009 367 11 
0147.png 825 237 898 297 9 
0105.png 388 169 526 288 6 386 290 526 408 1 
0342.png 558 291 619 351 1 628 298 687 353 2 
0243.png 771 235 833 288 1 
0209.png 688 267 763 332 2 
0372.png 631 112 712 177 1 
0370.png 700 213 738 246 0 744 212 782 241 1  
0037.png 407 260 575 409 2 
0117.png 262 68 397 163 6 729 408 831 503 2 
0297.png 578 250 668 327 5 576 358 665 431 1 
0152.png 825 247 935 335 4 
0325.png 500 463 530 495 5 
0264.png 389 248 540 370 6 392 428 527 548 1 
0217.png 547 277 647 357 11 549 373 650 456 9 
0329.png 314 305 377 377 2 
0277.png 472 452 519 483 5 470 501 513 536 1 
0025.png 430 420 495 472 9 
0360.png 944 219 1009 279 4 
0026.png 390 85 470 154 1 892 373 943 416 1 
0355.png 203 136 407 307 5 217 391 422 570 1 
0364.png 522 206 621 295 2 
0398.png 924 448 1006 523 2 
0099.png 700 214 742 250 4 
0065.png 854 200 915 263 6 
0218.png 508 176 649 291 11 
0146.png 460 305 545 390 11 
0087.png 800 163 963 319 4 
0011.png 394 297 458 354 5 
0272.png 662 166 714 209 0 715 162 772 207 1 
0021.png 590 129 756 229 1 
0242.png 717 153 886 300 2 
0321.png 639 271 724 340 4 
0050.png 423 261 485 314 4 902 266 952 312 3 
0351.png 446 179 501 234 1 515 177 573 231 2 
0182.png 355 378 392 409 0 355 420 397 452 1 402 363 459 420 2 
0331.png 598 357 710 457 4 987 295 1032 342 3 
0287.png 347 401 388 440 6 
0279.png 452 168 526 235 1 
0145.png 566 375 593 401 0 610 377 635 397 1 
0284.png 861 232 973 324 1 
0269.png 578 438 615 471 4 
0172.png 894 235 967 307 1 
0190.png 1038 157 1076 195 4 
0044.png 321 162 416 247 2 318 248 412 332 1 
0316.png 543 192 659 280 0 681 196 796 284 1 
0376.png 473 281 502 313 1 
0356.png 167 487 249 557 4 
0059.png 535 380 585 427 4 
0288.png 191 224 226 264 4 
0337.png 825 246 870 286 2 
0208.png 570 107 732 217 0 762 119 918 231 1 
0374.png 570 158 646 231 0 570 242 647 316 1 
0343.png 646 171 699 221 11 647 232 704 280 4 
0211.png 341 567 403 620 5 
0246.png 747 206 780 232 0 792 205 824 235 1 
0022.png 435 299 516 363 1 
0196.png 246 302 299 348 12 
0169.png 233 77 322 151 2 330 79 420 150 1 
0053.png 356 412 410 458 12 
0175.png 530 341 597 401 0 
0358.png 1003 318 1039 349 4 
0227.png 277 205 336 270 4 
0140.png 647 134 695 182 2 927 246 974 287 1 
0222.png 536 319 613 381 0 537 408 608 470 1 
0276.png 859 210 1007 337 4 
0318.png 646 328 706 379 13 
0224.png 933 200 1005 268 4 
0311.png 485 407 515 426 0 530 411 551 425 1 
0132.png 670 101 831 262 2 
0262.png 453 202 539 277 1 
0177.png 635 87 851 281 6 
0163.png 636 459 673 490 2 
0030.png 302 356 349 400 6 
0018.png 546 57 624 120 1 
0127.png 482 328 545 386 11 
0383.png 0 136 114 298 3 
0214.png 630 153 752 260 6 633 276 757 385 1 
0350.png 433 175 558 275 1 438 299 561 412 6 
0387.png 1111 182 1158 231 6 
0111.png 528 209 620 287 0 677 220 756 292 1 
0186.png 599 184 642 222 0 
0309.png 69 219 160 308 1 
0210.png 651 52 767 132 6 
0045.png 732 168 802 228 6 
0301.png 902 180 1001 268 4 
0379.png 101 166 256 297 1 
0206.png 596 188 643 228 1 647 190 692 227 0 
0302.png 899 354 929 382 2 
0074.png 535 151 651 252 0 
0397.png 22 318 98 404 1 
0294.png 336 588 393 637 5 
0035.png 219 29 375 142 1 907 543 999 636 2 
0188.png 375 103 557 232 1 
0228.png 1138 193 1228 267 2 
0068.png 223 192 342 368 4 
0128.png 272 330 322 374 4 
0124.png 386 47 536 178 0 383 179 537 306 1 
0043.png 322 141 373 185 1 677 321 709 349 1 
0041.png 641 410 668 438 4 
0260.png 639 281 693 328 1 
0368.png 903 204 968 274 1 
0088.png 425 360 501 428 0 
0157.png 442 518 489 559 4 
0317.png 799 214 864 277 4  
0133.png 521 286 649 397 4 
0348.png 630 135 720 204 1 
0299.png 639 172 750 262 1 
0261.png 486 253 550 306 1 487 317 550 371 5 
0300.png 270 249 337 304 1 
0280.png 907 386 979 444 1 
0023.png 471 330 545 397 9 469 405 546 467 3 
0029.png 924 134 1001 251 1 
0382.png 517 411 562 447 1 
0399.png 410 369 442 402 4 
0313.png 781 238 864 324 1 
0024.png 75 313 167 443 4 
0096.png 676 222 753 295 1 758 231 832 298 2 
0380.png 855 196 893 239 5 903 206 940 251 1 
0345.png 248 305 296 345 4 740 265 774 300 3 
0131.png 140 180 198 238 4 
0335.png 169 211 214 249 4 
0314.png 331 159 403 216 1 672 430 719 474 2 
0361.png 994 309 1049 351 2 
0271.png 549 239 598 285 4 
0229.png 687 168 780 252 0 
0346.png 918 283 974 341 1 
0102.png 633 124 707 182 1 
0089.png 459 198 652 332 1 
0015.png 38 245 142 341 10 
0151.png 483 301 521 334 11 
0173.png 541 303 636 386 0 
0340.png 690 382 735 461 6 
0308.png 749 260 809 310 4 
0153.png 616 153 678 206 0 683 158 738 208 1 
0017.png 662 314 730 373 6 
0235.png 133 273 211 360 4 
0077.png 512 105 635 200 0 
0366.png 350 279 403 328 6 
0181.png 688 209 778 287 2 
0012.png 653 263 728 321 4 837 201 871 234 3 
0171.png 408 272 457 318 4 749 265 806 315 4 
0334.png 719 250 785 314 4 
0198.png 362 233 432 316 2 357 318 431 402 1 
0049.png 669 335 803 452 2 
0290.png 1041 265 1107 323 2 
0296.png 104 127 229 315 4 
0250.png 675 117 800 226 6 
0101.png 245 220 328 298 1 
0028.png 521 442 629 541 1 
0388.png 453 457 526 528 0 
0142.png 894 256 941 316 5 952 272 1003 328 1 
0143.png 631 218 689 265 4 
0394.png 830 355 858 384 10 
0051.png 505 319 551 363 6 
0166.png 752 192 860 275 2 
0256.png 636 513 658 536 4 
0332.png 446 250 499 303 13 439 320 497 377 11 
0248.png 701 142 734 174 6 
0121.png 341 320 379 364 4 
0353.png 399 436 542 575 2 28 676 97 740 6 
0094.png 1119 376 1187 428 1 
0042.png 496 270 596 365 11 
0241.png 642 321 731 395 1 
0161.png 417 144 474 199 5 
0274.png 490 302 550 359 2 
0156.png 628 347 717 424 4 
0391.png 866 332 920 379 1 
0144.png 257 260 369 359 4 
0006.png 1175 166 1258 229 10 
0183.png 473 285 528 335 1 476 340 533 392 5 
0165.png 615 142 756 263 6 615 263 756 385 1 
0306.png 730 114 826 205 11 748 230 839 327 4 
0266.png 490 387 549 423 5 489 440 545 485 1 
0129.png 827 306 850 328 6 
0069.png 681 77 795 171 5 
0112.png 422 284 461 315 4 755 284 790 315 3 
0187.png 276 279 321 317 6 
0130.png 754 148 871 256 2 
0160.png 368 366 412 402 0 414 366 458 404 1 
0162.png 172 325 257 420 1 
0213.png 781 253 864 332 0 
0047.png 476 280 581 368 9 473 373 576 462 3 
0344.png 501 146 551 196 11 535 230 604 295 1 
0103.png 743 192 833 310 1 
0185.png 618 146 705 224 2 
0273.png 409 339 486 409 0 492 348 564 411 1 
0036.png 62 338 218 462 4 83 464 145 523 4 
0191.png 727 258 771 305 2 
0371.png 473 537 504 570 4 546 515 593 558 4 
0070.png 750 291 801 330 1 
0327.png 760 200 800 246 6 
0320.png 270 257 315 297 4 
0080.png 522 271 568 314 0 570 274 616 316 1 
0286.png 497 393 545 438 0 496 452 541 495 1 
0085.png 302 66 483 206 2 
0283.png 347 173 396 216 6 
0223.png 992 262 1133 411 2 
0221.png 337 206 407 271 0 456 208 533 269 1 
0393.png 123 351 254 523 4 
0150.png 277 318 378 410 4 
0098.png 442 373 522 456 2 357 463 409 513 6 
0184.png 410 391 446 423 1 
0305.png 597 512 630 540 4 
0278.png 569 433 606 474 11 
0359.png 413 111 589 277 3 
0122.png 811 198 842 227 1 
0178.png 470 117 573 201 1 577 127 674 210 2 
0195.png 691 296 744 348 4 
0007.png 728 241 808 312 2 
0304.png 463 142 534 203 12 
0084.png 757 138 832 209 1 252 324 283 351 1 
0014.png 412 272 463 315 1 468 272 517 317 2 
0002.png 356 400 402 439 2 
0039.png 517 218 661 352 11 
0004.png 598 258 651 306 4 
0180.png 871 294 901 319 6 
0118.png 418 398 487 456 12 
0078.png 514 227 573 279 5 575 231 637 281 1 
0155.png 709 169 825 273 1 
0298.png 483 381 599 482 10 
0234.png 566 272 638 332 4 
0189.png 567 224 662 309 4 
0232.png 971 284 1016 328 1  
0194.png 594 202 633 232 0 637 201 678 235 1 
0167.png 573 390 619 431 4 
0055.png 733 271 835 363 2 
0136.png 717 163 836 263 6 
0009.png 199 345 259 394 2 
0054.png 239 229 345 327 2 
0319.png 353 280 401 318 0 
0324.png 511 220 596 300 4 
0225.png 374 392 415 426 5 
0253.png 988 214 1066 289 4 
0010.png 726 157 857 256 1 
0064.png 472 80 601 180 11 
0212.png 486 155 551 212 1 823 265 896 335 1 
0354.png -2 234 57 301 1 
0137.png 18 142 218 350 3 
0114.png 592 262 676 334 2 
0082.png 560 268 605 308 2 
0239.png 935 330 971 363 2 
0238.png 526 119 580 162 1 585 119 633 165 2 
0237.png 761 351 867 464 2 
0303.png 634 136 722 202 0 
0323.png 477 322 530 368 13 
0109.png 123 101 276 264 4 535 339 570 391 3 
0231.png 558 282 641 350 5 
0270.png 628 321 683 369 1 
0033.png 643 123 770 228 1 
0230.png 997 267 1051 315 4 
0400.png 725 239 775 287 3 
0328.png 817 303 945 417 1 
0097.png 555 222 608 271 1 
0347.png 2 239 57 297 10 
0001.png 453 262 558 345 0 453 371 550 456 1 
0066.png 672 119 815 241 6 677 245 817 362 1 
0310.png 792 193 825 227 2 
0282.png 547 441 613 498 4 
0362.png 435 311 513 373 11 
0123.png 583 353 647 412 6 583 429 648 491 1 
0034.png 1145 116 1284 237 4 
0032.png 901 185 986 273 0 
0020.png 586 165 663 233 1 
0247.png 415 198 527 278 0 544 202 648 277 1 684 472 766 540 1 
0268.png 153 130 310 258 0 393 139 546 261 1 
0125.png 646 320 717 384 0 722 322 790 384 1 
0110.png 981 347 1036 393 4 
0265.png 589 430 618 457 1 
0075.png 325 399 379 441 2 
0071.png 944 106 1104 279 4 
0060.png 539 228 624 297 0 625 227 712 296 1 
0263.png 364 411 417 457 6 
0158.png 639 233 736 320 4 
0119.png 627 372 697 439 0 
0008.png 548 401 609 455 3 
0003.png 635 336 715 408 4 
0093.png 433 156 504 214 6 
0107.png 738 125 870 231 2 
0267.png 678 186 760 274 4 
0079.png 559 230 660 318 0 
0333.png 374 192 445 252 1 
0154.png 441 296 475 328 4 693 270 720 294 3 
0192.png 66 269 140 383 4 
0019.png 342 113 391 154 1 
0315.png 856 203 924 292 4 
0090.png 169 394 338 593 4 
0292.png 562 327 632 390 0 
0289.png 633 170 752 277 0 629 286 761 390 1 
0357.png 636 303 702 362 11 
0205.png 661 175 738 240 1 
0249.png 844 272 910 331 6 
0295.png 475 273 589 381 13 
0063.png 747 149 846 239 0 853 162 944 251 1 
0349.png 459 257 538 329 11 
0052.png 795 315 831 351 0 839 314 872 350 1 885 434 921 465 1 
0168.png 342 125 424 285 1 
0381.png 389 238 478 305 1 
0138.png 56 130 119 188 2 
0312.png 572 245 632 300 2 
0216.png 846 278 947 365 3 
0373.png 260 377 338 446 0 345 384 427 456 1  
0384.png 928 234 1010 355 9 
