0012.png 651 271 715 336 835 206 867 240 
0007.png 725 252 799 329 
0158.png 653 250 722 313 
0305.png 599 514 630 545 
0098.png 383 614 504 728 360 473 402 517 611 423 678 491 455 385 518 446 442 270 473 308 
0279.png 459 178 520 232 
0378.png 261 733 305 767 922 682 981 742 307 672 379 767 760 116 841 202 139 29 175 57 250 19 334 101 177 -8 276 120 
0038.png 356 433 400 473 352 367 404 421 266 358 290 382 484 316 568 396 
0165.png 629 281 737 374 604 159 738 295 798 -2 843 112 633 0 657 44 
0276.png 862 219 987 334 
0118.png 426 406 489 470 
0110.png 980 351 1031 402 
0015.png 96 520 164 576 52 264 143 359 
0263.png 374 423 407 453 
0103.png 752 211 843 320 
0069.png 1034 656 1062 693 695 90 781 161 
0363.png 949 232 996 273 
0148.png 742 91 807 146 
0284.png 867 238 983 357 
0157.png 443 522 486 566 
0106.png 626 259 663 295 
0242.png 723 159 873 293 
0216.png 847 366 874 388 829 281 935 391 
0354.png -13 239 54 315 
0399.png 142 451 182 495 
0117.png 744 426 815 492 283 87 370 152 
0111.png 676 232 747 306 540 223 618 302 
0066.png 688 257 801 354 688 135 820 273 667 84 693 105 856 -2 902 85 
0369.png 769 312 834 382 559 259 591 291 769 236 836 306 
0142.png 0 557 39 583 899 269 947 319 
0211.png 347 572 406 632 
0033.png 686 452 741 502 650 144 751 249 
0274.png 493 308 553 372 
0052.png 712 471 757 517 889 437 917 464 837 323 868 356 795 321 828 355 
0070.png 752 293 798 339 
0271.png 544 243 592 294 
0317.png 798 220 854 275 
0264.png 863 646 889 672 904 518 1046 653 413 435 512 543 -1 384 37 406 399 258 525 398 521 223 571 275 93 45 149 103 
0322.png 376 162 438 224 
0299.png 642 175 749 261 
0144.png 264 269 361 352 
0131.png 147 188 202 248 
0120.png 154 199 204 278 
0018.png 700 560 726 581 551 61 623 120 
0094.png 543 465 569 490 1128 381 1176 421 
0331.png 607 366 702 451 987 299 1036 351 
0128.png 278 337 319 380 
0245.png 503 308 646 439 516 305 576 367 453 305 514 368 
0100.png 477 473 573 574 
0341.png 259 686 290 717 458 314 582 440 
0119.png 634 387 690 434 
0121.png 345 327 378 363 
0030.png 474 614 582 702 449 603 478 627 310 366 348 405 
0113.png 538 229 605 298 533 78 601 156 
0375.png 713 630 847 756 566 611 661 667 574 343 602 373 
0089.png 480 214 632 324 
0152.png 840 263 912 327 
0156.png 627 360 705 440 
0220.png 433 445 495 509 
0358.png 1091 331 1133 378 
0044.png 316 261 401 349 334 179 402 239 
0364.png 233 408 264 439 902 385 1028 472 726 322 753 354 525 207 640 326 
0236.png 527 267 548 291 164 189 241 260 
0292.png 557 378 642 470 567 333 627 385 757 246 784 274 992 0 1013 22 805 0 867 42 45 -15 112 62 
0183.png 926 368 950 399 482 346 535 401 879 336 923 382 993 319 1023 350 479 293 523 331 
0285.png 1110 286 1220 382 759 238 784 265 806 228 881 305 
0366.png 356 287 405 339 
0295.png 921 645 1023 725 483 289 579 374 
0286.png 500 457 544 502 502 400 547 445 840 265 1037 428 
0021.png 460 374 530 444 611 143 732 222 
0025.png 439 430 484 469 741 263 771 302 871 -3 915 40 
0079.png 570 345 656 418 572 242 652 311 
0337.png 723 267 793 343 825 245 876 298 
0003.png 640 569 671 600 631 349 706 428 
0034.png 1142 141 1258 259 
0207.png 176 542 222 587 390 525 418 555 477 441 565 531 480 334 567 425 567 304 602 338 609 272 735 395 450 231 509 285 837 -4 900 61 
0133.png 535 302 655 426 
0053.png 366 421 405 454 560 80 592 112 
0316.png 685 205 798 319 536 199 645 310 
0067.png 743 296 833 389 734 211 820 301 
0218.png 913 718 1023 766 -3 671 39 720 598 470 653 522 514 363 571 440 484 182 635 337 536 -27 654 90 
0260.png 1087 426 1141 483 896 388 938 450 636 286 686 338 
0386.png 519 490 555 528 339 379 442 481 
0222.png 542 411 614 486 546 326 618 399 
0107.png 754 141 874 261 
0303.png 640 141 706 195 
0340.png 679 389 731 463 
0163.png 610 412 741 534 627 207 669 243 
0297.png 422 392 484 460 567 363 656 455 983 302 1011 333 584 256 657 319 
0080.png 579 283 610 312 523 279 563 321 
0059.png 543 385 585 430 
0153.png 31 649 98 716 901 384 944 436 682 166 729 216 626 163 676 213 
0289.png 641 295 742 383 640 179 768 310 
0095.png 650 154 691 190 
0077.png 529 124 618 192 
0339.png 68 214 127 275 
0352.png 776 84 892 197 
0251.png 777 196 808 228 736 196 768 229 
0382.png 164 380 333 489 
0135.png 699 326 786 415 
0383.png 63 635 92 665 
0105.png 400 305 510 399 379 186 511 321 
0196.png 251 306 301 358 
0379.png 363 0 410 40 
0045.png 742 177 794 225 
0039.png 132 485 197 544 756 452 797 494 534 239 645 341 566 215 602 243 594 0 625 38 
0088.png 433 370 503 442 524 103 599 200 630 102 652 138 618 70 660 103 723 53 761 101 801 -2 917 124 0 0 24 35 
0109.png 1068 516 1094 544 659 249 771 342 147 126 263 247 
0217.png 538 269 658 377 928 45 991 106 
0252.png 742 273 856 393 802 163 839 201 
0314.png 637 580 685 627 0 434 35 482 339 166 394 213 566 91 654 164 
0172.png 892 234 973 316 
0191.png 732 264 777 312 
0050.png 937 296 1140 467 423 270 476 325 
0170.png 154 297 245 395 
0323.png 1196 657 1279 719 1137 606 1187 658 484 327 531 375 
0031.png 505 181 644 324 563 -74 790 127 
0074.png 550 162 658 270 
0342.png 378 318 470 410 622 305 682 368 552 299 615 365 141 212 201 250 
0185.png 758 379 796 407 961 182 1161 388 1042 167 1087 213 634 161 699 217 
0049.png 686 354 804 477 930 236 969 275 878 220 1033 354 
0138.png 56 139 113 199 
0081.png 466 220 596 340 432 145 562 271 
0332.png 444 328 500 389 447 256 502 316 
0351.png 619 485 699 563 446 183 498 233 530 181 683 329 515 179 568 228 304 176 336 209 470 140 518 188 125 39 160 79 
0064.png 486 89 585 175 
0261.png 493 323 555 387 490 258 542 303 
0309.png 73 228 151 317 
0257.png 618 307 698 390 872 276 922 357 582 31 632 70 
0318.png 645 333 708 382 
0008.png 554 405 612 466 
0055.png 749 286 827 354 
0068.png 1031 488 1114 551 236 254 329 349 
0353.png 33 682 102 754 585 474 642 540 401 442 572 620 94 104 125 135 
0179.png 421 377 458 416 428 331 454 357 779 115 834 161 
0006.png 1173 175 1246 249 
0150.png 290 330 389 433 
0181.png 561 470 596 504 700 220 769 281 
0166.png 769 208 840 267 
0145.png -2 534 62 586 365 493 421 532 165 85 203 114 233 76 268 110 66 44 97 73 
0365.png 685 363 755 434 525 204 583 264 610 205 655 244 
0302.png 1137 389 1279 478 895 353 934 396 471 -3 498 31 28 0 54 24 
0229.png 991 653 1062 691 689 174 792 278 
0137.png 791 483 830 510 1 168 199 384 
0099.png 707 223 733 247 
0221.png 464 214 523 265 343 214 402 265 
0334.png 720 257 778 312 
0188.png 397 121 553 279 
0168.png 354 148 425 271 347 33 383 70 785 30 807 59 642 0 674 22 
0123.png 592 442 635 485 590 370 637 408 
0357.png 645 312 696 358 974 225 1011 267 490 155 596 230 
0037.png 491 494 530 535 424 281 591 452 
0228.png 939 332 1074 484 1129 191 1236 307 
0097.png 924 702 958 725 0 630 84 687 565 233 597 263 
0304.png 835 658 869 683 454 146 525 220 
0147.png 822 235 916 331 
0139.png 391 256 454 323 
0192.png 393 350 436 454 411 307 441 337 68 271 166 396 
0024.png 45 314 168 471 
0268.png 379 144 537 306 135 140 293 301 
0206.png 616 367 700 451 46 331 73 359 755 228 948 410 654 197 686 225 605 195 637 224 
0219.png 638 144 698 192 839 0 950 62 
0208.png 770 123 904 226 583 115 717 211 
0072.png 939 458 971 494 848 324 894 364 
0288.png 481 301 600 379 798 212 960 372 185 229 225 271 267 195 305 216 
0273.png 485 354 557 427 402 347 476 425 
0084.png 281 433 361 488 768 149 827 202 
0001.png 450 382 539 475 454 274 541 366 
0278.png 568 418 612 476 1100 363 1171 434 
0177.png 406 487 444 522 288 324 460 416 658 117 859 327 
0092.png 632 233 704 309 
0277.png 477 452 513 483 779 152 805 178 
0051.png 515 333 543 359 
0387.png 863 351 941 429 249 140 305 192 
0146.png 468 317 551 407 474 215 554 302 
0090.png 180 425 314 572 
0186.png 600 189 641 230 
0308.png 755 265 804 312 
0345.png 249 309 293 354 733 270 775 313 
0140.png 928 255 962 283 
0203.png 554 299 591 331 982 71 1019 106 
0246.png 791 211 822 242 753 209 776 232 
0115.png 39 306 105 371 710 313 745 346 935 210 1001 256 
0349.png 836 409 859 440 250 288 282 333 446 264 529 351 
0022.png 437 305 504 361 426 239 498 312 
0235.png 99 584 143 638 140 275 212 358 
0161.png 416 155 470 210 
0212.png 701 653 742 691 668 593 845 670 494 475 535 527 492 161 545 209 
0023.png 482 430 535 464 
0019.png 408 275 437 298 349 117 393 162 1022 115 1044 138 
0267.png 950 201 1002 253 681 201 771 294 
0032.png 946 565 984 596 900 202 978 287 
0082.png 566 277 596 304 
0243.png 769 243 826 301 822 129 871 168 
0205.png 677 186 729 235 
0209.png 692 555 746 636 686 268 775 357 
0325.png 501 467 528 493 656 387 699 426 620 228 790 402 884 151 921 181 279 57 439 214 
0122.png 981 152 1058 212 
0283.png 356 182 388 211 
0035.png 211 658 253 683 918 554 998 632 406 222 506 313 585 124 613 149 230 39 357 131 
0002.png 354 404 404 454 
0348.png 833 449 879 486 928 318 1071 453 -5 184 99 261 634 141 713 201 
0368.png 902 215 962 269 
0160.png 370 372 406 409 
0061.png 182 259 235 324 
0310.png 1091 405 1135 430 798 200 824 225 
0093.png 444 168 491 209 
0272.png 662 172 706 217 726 173 759 202 
0047.png 506 563 583 642 493 313 564 361 
0112.png 429 291 455 315 761 289 787 315 
0253.png 990 239 1055 288 
0281.png 635 146 693 205 569 144 623 200 
0194.png 644 209 669 231 600 206 627 230 
0214.png 375 564 398 584 635 281 747 377 611 160 746 298 
0085.png 310 77 459 192 
0155.png 403 548 451 617 420 528 451 559 723 183 834 297 
0237.png 763 360 860 458 450 342 525 425 
0213.png 790 265 873 351 
0391.png 937 469 1073 604 
0149.png 628 168 677 211 
0086.png 559 195 605 241 
0227.png 1098 279 1151 322 717 262 849 396 282 215 328 265 
0234.png 604 319 689 362 561 280 631 353 
0240.png 829 255 933 347 699 238 823 363 
0065.png 880 518 908 549 850 208 911 276 
0116.png 471 308 507 370 950 248 1023 284 
0290.png 1043 270 1115 352 263 203 323 246 
0254.png 914 569 1013 655 411 378 444 411 410 346 439 376 
0014.png 419 279 463 325 
0009.png 207 350 259 395 531 308 596 390 
0124.png 378 195 518 340 859 141 913 194 403 63 521 167 
0087.png 790 187 954 359 
0296.png 108 194 226 305 
0321.png 647 283 709 337 
0294.png 345 598 391 645 
0338.png 1030 322 1090 383 55 319 87 351 
0270.png 775 401 823 451 708 226 782 299 363 128 412 178 
0350.png 403 625 449 671 449 315 551 406 443 178 548 270 
0247.png 635 584 663 624 826 558 896 646 694 480 756 534 551 207 649 305 411 204 512 306 
0178.png 586 138 679 231 470 129 563 224 
0125.png 734 338 773 377 659 335 707 378 
0313.png 766 250 858 347 
0238.png 512 178 579 249 963 134 996 167 581 126 631 177 531 123 582 175 
0215.png 0 621 61 650 745 220 793 259 624 220 674 259 
0319.png 359 284 400 326 
0250.png 981 684 1014 715 660 127 789 263 
0127.png 553 431 598 487 
0210.png 657 60 757 128 
0329.png 304 316 373 391 
0335.png 173 216 206 247 
0083.png 720 250 773 300 52 148 84 191 
0359.png 280 729 338 767 417 120 615 331 
0343.png 651 235 708 294 635 175 695 238 
0104.png 608 228 702 323 
0255.png 485 332 563 413 477 259 552 337 755 253 787 298 840 80 866 111 
0201.png 164 277 260 403 
0173.png 543 400 620 470 550 319 639 410 350 157 420 227 553 121 583 150 
0248.png 755 324 797 357 293 320 321 345 702 148 731 174 
0017.png 424 501 608 632 670 324 725 372 
0164.png 0 642 30 689 399 197 459 244 543 196 598 240 
0307.png 514 473 545 503 150 275 189 317 
0040.png 757 241 834 320 
0054.png 372 418 434 484 250 243 334 321 
0197.png 37 329 63 355 324 208 408 283 451 197 486 226 
0371.png 544 522 584 563 
0347.png 106 585 153 632 -2 250 51 307 
0344.png 24 337 144 422 539 241 599 293 500 151 557 210 
0169.png 466 134 558 228 243 87 313 143 326 83 410 169 
0360.png 949 232 996 273 
0373.png 267 386 345 466 
0282.png 547 445 604 497 
0154.png 442 288 480 332 692 268 726 303 370 252 410 290 
0101.png 236 232 318 315 
0071.png 964 120 1104 263 
0226.png 1036 584 1125 649 794 267 849 325 740 181 804 235 
0063.png 716 615 748 643 678 435 800 542 851 178 931 264 760 162 849 251 
0287.png 510 640 580 683 480 626 513 656 356 413 382 436 
0372.png 177 413 211 435 639 121 701 171 548 119 575 142 
0171.png 415 280 452 314 757 276 796 310 
0224.png 937 204 1001 265 
0182.png 355 424 392 462 361 383 389 408 405 368 452 417 530 104 565 139 
0132.png 698 649 725 681 784 460 818 494 736 442 773 464 147 370 207 431 98 352 129 386 911 338 933 363 691 129 864 305 
0075.png 333 405 369 436 
0096.png 873 510 914 542 767 242 838 315 687 237 759 311 
0266.png 494 445 546 498 498 377 541 419 
0300.png 279 258 329 301 
0060.png 566 242 597 269 640 242 696 289 
0230.png 1000 281 1041 314 
0370.png 703 221 733 251 745 218 774 247 
0293.png 661 358 730 420 
0280.png 727 416 761 451 910 390 968 441 -1 5 27 34 
0056.png 688 355 772 442 
0239.png 936 333 975 379 421 -9 479 56 
0010.png 736 175 856 295 
0029.png 824 212 971 357 997 177 1087 331 931 156 987 241 
0184.png 414 399 441 422 604 27 724 118 
0312.png 48 602 81 635 792 504 821 530 903 346 928 375 575 256 633 316 
0380.png 153 364 184 395 
0151.png 761 374 840 440 721 313 768 356 486 307 522 343 
0231.png 570 291 631 344 
0195.png 695 306 747 358 
0361.png 939 403 1010 477 993 305 1055 375 
0167.png 579 397 615 428 
0355.png 218 398 444 631 209 143 433 369 63 -12 121 39 
0036.png 82 459 137 517 77 354 201 452 
0046.png 753 123 815 186 
0356.png 146 570 215 621 122 499 186 550 161 492 242 576 
0346.png 922 289 967 334 
0265.png 588 433 619 464 597 264 649 308 
0362.png 442 316 502 369 
0190.png 1103 284 1125 311 1042 164 1071 189 
0102.png 276 198 309 234 641 128 697 179 
0397.png 576 480 734 547 973 0 1064 59 
0042.png 507 286 585 356 946 256 982 294 
0374.png 555 247 639 336 483 242 521 290 
0130.png 745 162 855 278 
0202.png 192 258 350 425 196 110 322 222 
0062.png 1083 419 1121 458 1045 301 1073 329 
0028.png 526 457 632 567 515 367 611 465 
0326.png 244 245 352 355 
0020.png 444 313 472 341 9 189 88 260 586 177 655 248 
0223.png 998 275 1119 408 
0076.png 18 626 68 671 960 330 1003 375 972 284 1012 325 675 257 698 295 790 72 864 150 
0336.png 743 304 782 345 
0026.png 723 309 853 435 396 94 461 149 
0189.png 557 235 652 334 
0393.png 0 545 116 610 567 405 630 473 
0394.png 0 290 25 391 
0328.png 822 315 932 412 
0330.png 0 496 27 536 527 228 627 331 818 0 845 29 
0320.png 271 263 310 303 
0162.png 162 340 248 434 
0249.png 832 271 912 357 
0136.png 732 181 820 255 
0306.png 726 234 829 348 712 118 819 235 
0114.png 601 273 668 330 
0004.png 599 260 647 305 
0298.png 470 388 585 509 
0327.png 759 211 806 259 
0301.png 913 196 989 262 
0043.png 678 324 714 360 326 143 376 195 48 0 156 135 0 0 38 35 
0262.png 465 218 520 269 971 112 1005 142 833 44 869 81 
0315.png 900 467 943 505 854 212 913 289 
0143.png 630 221 682 276 
0232.png 167 314 247 368 974 288 1015 324 256 240 287 267 975 206 1030 263 
0011.png 403 311 448 350 
0175.png 538 351 590 396 
0058.png 502 312 578 381 
