034_0001.png;124;117;15;18;103;94;34;
034_0002.png;100;97;15;14;88;77;34;
034_0003.png;211;183;23;18;188;158;34;
034_0004.png;222;188;38;27;181;156;34;
034_0005.png;110;100;17;17;88;78;34;
034_0006.png;185;166;37;19;165;131;34;
034_0007.png;209;189;31;26;185;162;34;
034_0003_j.png;124;108;23;18;88;75;34;
035_0001.png;150;136;29;21;124;106;35;
035_0002.png;90;77;12;7;79;69;35;
035_0003.png;99;83;14;8;86;71;35;
035_0004.png;132;122;22;14;116;95;35;
035_0005.png;220;203;30;28;196;177;35;
035_0006.png;219;180;24;12;192;163;35;
035_0007.png;249;206;36;22;218;185;35;
035_0008.png;491;402;69;31;462;384;35;
035_0009.png;190;158;34;20;157;132;35;
035_0010.png;237;198;39;27;197;163;35;
035_0011.png;243;208;35;17;219;174;35;
035_0012.png;260;221;41;25;224;190;35;
035_0013.png;197;165;30;17;169;144;35;
035_0014.png;204;185;37;25;178;152;35;
035_0015.png;117;109;21;19;101;90;35;
035_0016.png;120;107;23;12;101;82;35;
035_0017.png;148;129;20;15;131;110;35;
035_0018.png;134;116;26;16;108;93;35;
035_0019.png;168;146;44;30;137;117;35;
035_0020.png;147;134;26;11;129;113;35;
035_0021.png;160;149;24;18;135;119;35;
035_0022.png;145;124;29;19;121;102;35;
035_0023.png;147;138;24;27;125;116;35;
035_0024.png;208;192;30;30;186;163;35;
035_0025.png;122;109;11;14;102;93;35;
035_0026.png;103;90;12;10;90;74;35;
035_0027.png;161;160;16;28;132;129;35;
035_0028.png;117;102;17;13;95;82;35;
035_0029.png;163;155;25;24;144;126;35;
035_0030.png;171;161;26;24;146;131;35;
035_0031.png;107;105;17;15;90;80;35;
035_0032.png;143;135;20;17;131;113;35;
035_0033.png;171;160;25;19;147;128;35;
035_0034.png;116;99;20;15;88;76;35;
035_0035.png;118;91;32;17;93;68;35;
035_0036.png;165;139;18;19;133;111;35;
035_0037.png;123;107;18;17;102;92;35;
035_0038.png;170;171;28;33;144;134;35;
035_0039.png;97;90;11;14;80;73;35;
035_0040.png;167;158;27;24;146;129;35;
035_0041.png;220;200;17;16;205;180;35;
035_0042.png;140;136;24;26;122;116;35;
035_0043.png;93;92;13;13;81;73;35;
035_0044.png;134;125;19;22;116;104;35;
035_0045.png;179;171;28;35;153;136;35;
035_0046.png;179;174;21;25;156;135;35;
035_0047.png;127;130;20;21;116;104;35;
035_0048.png;320;282;49;39;275;234;35;
035_0049.png;216;196;21;22;193;167;35;
035_0050.png;211;214;23;33;192;179;35;
035_0001_j.png;112;115;18;21;92;83;35;
035_0002_j.png;130;107;27;17;99;83;35;
035_0003_j.png;91;81;11;8;82;71;35;
036_0001.png;105;99;13;11;94;83;36;
036_0002.png;127;125;19;22;116;104;36;
036_0003.png;160;149;20;18;140;123;36;
036_0004.png;157;147;21;25;139;126;36;
036_0005.png;82;79;13;11;75;65;36;
036_0006.png;130;126;20;29;110;109;36;
036_0007.png;150;129;21;18;123;107;36;
036_0008.png;102;90;19;15;89;75;36;
036_0009.png;119;119;19;21;102;89;36;
036_0010.png;200;179;27;30;181;151;36;
036_0011.png;129;114;15;15;111;92;36;
036_0012.png;159;135;23;17;137;106;36;
037_0001.png;234;208;43;29;196;183;37;
037_0002.png;292;280;53;40;246;236;37;
037_0003.png;299;282;57;41;233;220;37;
037_0004.png;264;251;36;35;214;218;37;
037_0005.png;247;257;34;31;214;210;37;
037_0006.png;297;245;61;26;239;206;37;
037_0007.png;138;117;30;20;107;96;37;
037_0008.png;132;126;22;16;100;94;37;
037_0009.png;129;120;14;14;101;101;37;
037_0010.png;118;101;19;15;87;83;37;
037_0011.png;117;103;25;22;95;90;37;
037_0012.png;204;172;38;13;178;145;37;
037_0013.png;225;185;37;13;198;156;37;
037_0014.png;145;126;31;22;124;105;37;
037_0015.png;219;198;38;27;198;165;37;
037_0016.png;168;147;28;23;134;115;37;
037_0017.png;133;115;21;16;111;93;37;
037_0018.png;212;197;29;33;183;171;37;
037_0024.png;141;126;20;20;114;103;37;
037_0006_j.png;121;115;24;28;88;87;37;
037_0014_j.png;102;106;19;20;79;83;37;
038_0001.png;154;144;23;16;130;111;38;
038_0002.png;249;217;41;34;219;183;38;
038_0003.png;130;116;21;9;107;95;38;
038_0004.png;179;155;34;21;150;135;38;
038_0005.png;176;173;21;21;143;144;38;
038_0006.png;153;138;28;23;129;112;38;
038_0007.png;158;149;30;25;140;121;38;
038_0008.png;153;144;25;19;128;116;38;
038_0009.png;149;138;19;15;131;123;38;
038_0010.png;109;97;16;12;89;76;38;
039_0001.png;93;84;18;11;80;69;39;
039_0002.png;105;94;15;11;85;74;39;
039_0003.png;116;112;17;15;103;96;39;
039_0004.png;105;95;16;16;87;79;39;
039_0005.png;184;148;23;16;154;130;39;
039_0006.png;179;161;28;26;153;134;39;
039_0010.png;199;173;26;28;161;149;39;
039_0012.png;258;250;25;28;237;211;39;
039_0016.png;245;231;36;35;211;189;39;
040_0001.png;192;186;35;24;157;148;40;
040_0002.png;296;240;65;23;249;205;40;
040_0003.png;164;148;20;14;145;126;40;
040_0004.png;173;167;27;28;143;139;40;
040_0005.png;180;169;23;19;146;143;40;
040_0006.png;213;196;37;28;164;169;40;
040_0007.png;137;141;19;19;120;114;40;
040_0008.png;175;169;33;26;145;132;40;
040_0009.png;146;121;22;17;115;98;40;
040_0010.png;139;130;28;25;116;105;40;
040_0002_j.png;169;153;42;33;125;111;40;
041_0002.png;108;91;14;10;93;78;41;
041_0003.png;111;111;18;20;92;89;41;
041_0004.png;84;81;14;13;70;64;41;
041_0005.png;102;98;15;14;82;85;41;
041_0006.png;144;134;32;16;122;99;41;
041_0007.png;180;164;35;22;157;135;41;
042_0001.png;115;103;23;14;95;83;42;
042_0002.png;182;148;37;11;138;127;42;
042_0003.png;189;167;46;31;149;142;42;
042_0004.png;158;158;21;29;135;126;42;
042_0005.png;141;125;22;14;118;97;42;
042_0006.png;121;115;21;16;100;85;42;
042_0006_j.png;100;105;15;13;78;79;42;
042_0011_j.png;111;105;18;18;89;81;42;
042_0002_j.png;145;134;32;27;114;106;42;
042_0003_j.png;123;112;24;24;93;80;42;
042_0004_j.png;141;129;23;21;111;98;42;
042_0008_j.png;128;129;17;25;104;97;42;
043_0001.png;98;91;14;15;80;71;43;
043_0002.png;107;99;27;17;88;73;43;
043_0003.png;130;113;19;11;107;89;43;
043_0004.png;97;89;19;12;86;71;43;
043_0005.png;106;106;21;15;97;78;43;
043_0006.png;105;97;17;13;93;77;43;
043_0007.png;116;104;14;8;99;85;43;
043_0008.png;181;156;44;23;158;122;43;
043_0009.png;112;99;19;18;89;79;43;
043_0010.png;159;156;24;30;136;127;43;
043_0011.png;86;79;14;10;79;68;43;
043_0012.png;114;104;25;20;92;80;43;
043_0013.png;119;120;16;11;107;93;43;
043_0014.png;106;94;16;15;83;73;43;
043_0015.png;143;143;16;17;132;119;43;
043_0016.png;266;223;26;21;235;192;43;
043_0017.png;133;123;17;21;115;95;43;
043_0018.png;289;264;20;33;259;212;43;
043_0019.png;131;121;19;17;115;103;43;
043_0020.png;157;151;26;19;141;122;43;
043_0021.png;206;209;31;31;190;174;43;
043_0022.png;168;156;28;24;144;123;43;
043_0023.png;215;198;18;22;190;168;43;
043_0024.png;191;187;18;26;167;153;43;
043_0025.png;131;116;25;18;111;89;43;
043_0026.png;258;238;24;24;232;192;43;
043_0027.png;100;100;9;16;88;84;43;
044_0001.png;132;122;29;23;105;94;44;
044_0002.png;119;103;14;11;93;85;44;
044_0003.png;109;95;15;17;85;83;44;
044_0004.png;188;157;36;18;162;129;44;
044_0005.png;107;107;18;15;90;81;44;
044_0006.png;91;79;19;14;76;66;44;
044_0007.png;119;103;18;18;99;83;44;
044_0008.png;245;221;19;27;226;190;44;
044_0009.png;179;158;21;16;161;133;44;
044_0010.png;105;98;13;11;91;83;44;
045_0001.png;151;146;27;27;121;113;45;
045_0002.png;88;101;17;26;70;78;45;
045_0003.png;168;164;37;36;146;130;45;
045_0004.png;147;143;24;31;114;112;45;
045_0005.png;76;70;16;16;58;52;45;
045_0006.png;283;267;47;55;237;217;45;
045_0007.png;115;111;24;21;92;84;45;
045_0008.png;240;204;42;36;197;166;45;
045_0009.png;141;131;25;25;105;101;45;
045_0010.png;117;115;23;26;87;83;45;
045_0011.png;102;107;17;22;79;80;45;
045_0012.png;113;103;22;16;87;75;45;
046_0001.png;77;76;15;16;63;59;46;
046_0002.png;88;75;17;15;76;65;46;
046_0003.png;99;90;15;12;83;72;46;
046_0004.png;133;137;25;25;115;106;46;
046_0001_j.png;281;245;73;58;220;200;46;
046_0005_j.png;127;134;23;23;101;100;46;
047_0001.png;120;102;26;23;95;83;47;
047_0002.png;120;102;28;22;96;83;47;
047_0003.png;120;102;27;23;95;83;47;
047_0004.png;120;102;26;21;95;83;47;
047_0005.png;232;208;48;44;186;172;47;
048_0001.png;122;114;19;17;106;87;48;
048_0002.png;167;163;25;30;150;127;48;
048_0003.png;121;116;22;26;106;90;48;
049_0001.png;99;99;18;25;80;81;49;
049_0002.png;92;98;12;19;77;81;49;
049_0003.png;167;153;32;21;135;114;49;
049_0004.png;185;176;28;24;150;137;49;
049_0005.png;171;171;19;32;150;138;49;
049_0006.png;266;254;32;42;239;200;49;
049_0007.png;89;89;16;14;77;69;49;
049_0008.png;87;81;14;12;71;64;49;
049_0009.png;89;85;10;14;75;71;49;
049_0010.png;109;98;22;15;89;77;49;
049_0011.png;123;116;27;21;106;92;49;
049_0012.png;143;128;30;19;121;101;49;
049_0013.png;185;175;35;31;152;139;49;
050_0001.png;181;172;39;31;137;133;50;
050_0002.png;181;172;38;32;138;133;50;
050_0003.png;181;172;38;31;139;134;50;
050_0004.png;166;150;47;30;127;114;50;
050_0005.png;166;150;45;29;128;115;50;
050_0006.png;166;150;44;32;128;116;50;
050_0007.png;161;153;43;33;121;106;50;
050_0008.png;161;153;41;34;122;107;50;
050_0009.png;161;153;43;33;121;108;50;
050_0010.png;157;152;28;31;122;120;50;
050_0011.png;157;152;29;29;122;120;50;
050_0012.png;157;152;28;29;121;120;50;
050_0013.png;227;214;53;42;185;168;50;
050_0014.png;227;214;49;41;188;170;50;
050_0015.png;227;214;52;41;185;169;50;
050_0016.png;408;359;83;59;317;282;50;
050_0017.png;408;359;83;60;314;281;50;
050_0018.png;408;359;79;59;317;283;50;
050_0019.png;446;365;96;46;343;299;50;
050_0020.png;446;365;96;46;342;296;50;
050_0021.png;163;155;36;26;126;120;50;
050_0022.png;163;155;33;26;126;121;50;
050_0023.png;193;181;47;27;159;145;50;
034_0001_j.png;156;147;51;47;106;110;34;
034_0002_j.png;134;140;41;42;87;100;34;
034_0005.png;108;94;27;22;75;66;34;
034_0006.png;108;94;27;22;76;66;34;
035_0004_j.png;112;115;19;22;92;84;35;
035_0005_j.png;130;107;28;17;99;84;35;
035_0007_j.png;75;70;6;9;66;64;35;
035_0008_j.png;81;72;15;14;72;63;35;
035_0009_j.png;112;118;13;10;105;97;35;
035_0010_j.png;70;69;10;8;62;56;35;
035_0011_j.png;96;97;10;13;87;84;35;
035_0012_j.png;94;92;8;12;72;75;35;
035_0013_j.png;163;141;22;7;133;118;35;
035_0015_j.png;134;117;22;27;103;91;35;
035_0016_j.png;119;105;21;20;95;85;35;
035_0017_j.png;153;140;24;27;136;119;35;
035_0018_j.png;115;105;15;18;95;82;35;
035_0019_j.png;115;105;17;16;93;82;35;
035_0020_j.png;96;94;19;21;73;70;35;
035_0021_j.png;105;102;15;18;87;81;35;
035_0022_j.png;95;86;12;11;78;70;35;
035_0023_j.png;127;115;24;18;95;81;35;
035_0024_j.png;153;148;21;23;120;113;35;
035_0025_j.png;133;124;22;26;99;96;35;
035_0026_j.png;150;143;18;19;124;110;35;
035_0006_j.png;91;81;10;8;81;72;35;
035_0014_j.png;138;118;30;22;104;87;35;
036_0001_j.png;307;246;58;40;224;201;36;
036_0002_j.png;234;216;61;43;175;157;36;
036_0004.png;90;88;17;14;70;61;36;
036_0005.png;90;88;18;16;70;61;36;
036_0006.png;89;86;17;13;69;61;36;
036_0007.png;89;86;17;14;69;60;36;
037_0001_j.png;113;95;25;21;77;71;37;
037_0002_j.png;186;167;45;42;132;125;37;
037_0003_j.png;175;150;40;36;133;119;37;
037_0004_j.png;220;178;52;29;175;138;37;
037_0005_j.png;155;148;37;37;118;113;37;
037_0007_j.png;87;89;22;24;67;64;37;
037_0008_j.png;102;106;18;19;80;82;37;
037_0009_j.png;104;107;16;23;83;84;37;
037_0010_j.png;169;150;37;32;117;113;37;
037_0011_j.png;119;129;22;20;93;102;37;
037_0012_j.png;142;129;25;21;110;99;37;
037_0013_j.png;262;254;47;48;227;212;37;
037_0015_j.png;125;127;25;22;102;102;37;
038_0001_j.png;178;161;28;35;135;124;38;
038_0002_j.png;138;121;35;28;103;89;38;
038_0003_j.png;97;82;23;16;69;58;38;
038_0004_j.png;140;142;29;32;104;103;38;
038_0005_j.png;233;230;39;37;194;184;38;
038_0006_j.png;74;72;18;14;59;51;38;
038_0007_j.png;128;131;21;22;105;101;38;
038_0008_j.png;131;110;28;25;86;80;38;
038_0009_j.png;187;191;31;38;152;148;38;
038_0010_j.png;114;115;23;27;84;80;38;
038_0011_j.png;149;166;16;33;122;135;38;
038_0012_j.png;124;115;27;21;94;79;38;
038_0013_j.png;201;183;39;28;157;142;38;
038_0014_j.png;134;126;29;26;98;90;38;
038_0015_j.png;192;208;23;40;154;168;38;
038_0016_j.png;132;139;22;24;98;97;38;
038_0017_j.png;111;127;20;28;100;98;38;
038_0018_j.png;181;173;28;40;140;132;38;
038_0019_j.png;127;117;30;25;90;80;38;
038_0020_j.png;219;200;45;42;171;159;38;
039_0001_j.png;186;166;44;37;144;127;39;
039_0002_j.png;179;161;39;35;124;117;39;
039_0003_j.png;231;205;54;45;177;167;39;
039_0004_j.png;391;331;78;56;297;269;39;
039_0005_j.png;83;86;15;18;63;60;39;
039_0006_j.png;144;145;21;24;113;109;39;
039_0007_j.png;97;97;17;22;71;70;39;
039_0008_j.png;200;179;38;34;153;136;39;
039_0009_j.png;118;112;23;21;91;86;39;
039_0010_j.png;130;125;23;27;96;91;39;
039_0011_j.png;227;203;36;30;185;163;39;
039_0012_j.png;103;98;18;16;79;67;39;
039_0013_j.png;142;158;22;27;123;124;39;
039_0014_j.png;137;124;27;23;104;88;39;
039_0015_j.png;239;227;36;45;199;185;39;
040_0001_j.png;146;134;33;43;109;103;40;
040_0003_j.png;146;139;30;35;114;103;40;
040_0004_j.png;175;130;39;20;141;105;40;
040_0005_j.png;126;136;22;33;97;104;40;
041_0001_j.png;108;98;24;16;84;73;41;
041_0002_j.png;136;136;29;35;107;103;41;
041_0003_j.png;227;239;21;49;184;193;41;
041_0004_j.png;127;137;19;35;97;101;41;
042_0001_j.png;145;134;32;26;115;106;42;
042_0005_j.png;209;201;30;39;162;151;42;
042_0007_j.png;122;121;17;22;98;99;42;
042_0009_j.png;102;103;14;20;80;83;42;
042_0010_j.png;210;214;35;36;175;171;42;
042_0012_j.png;92;99;16;22;72;75;42;
042_0013_j.png;116;105;26;24;95;74;42;
042_0014_j.png;90;86;13;10;69;64;42;
042_0015_j.png;169;173;20;31;138;141;42;
043_0001_j.png;88;82;24;21;63;58;43;
043_0002_j.png;88;82;24;21;63;58;43;
043_0003_j.png;88;82;24;21;63;58;43;
043_0004_j.png;88;82;23;21;63;58;43;
043_0005_j.png;283;242;59;53;212;185;43;
043_0006_j.png;182;162;32;29;140;123;43;
043_0007_j.png;175;115;30;19;137;108;43;
043_0008_j.png;139;138;28;32;116;105;43;
043_0009_j.png;102;95;27;20;72;64;43;
043_0010_j.png;108;112;19;19;81;76;43;
043_0011_j.png;151;137;27;25;118;109;43;
043_0012_j.png;128;114;30;29;90;85;43;
043_0013_j.png;120;118;33;24;96;88;43;
043_0014_j.png;128;118;33;27;101;91;43;
043_0015_j.png;164;151;33;28;131;117;43;
043_0016_j.png;167;128;42;34;120;100;43;
043_0017_j.png;165;175;27;40;133;133;43;
043_0018_j.png;102;108;15;17;82;80;43;
043_0019_j.png;189;174;32;34;161;139;43;
043_0020_j.png;100;94;17;17;78;70;43;
043_0021_j.png;199;172;22;23;166;141;43;
043_0022_j.png;107;105;17;19;82;78;43;
043_0023_j.png;208;194;39;41;170;148;43;
043_0024_j.png;84;87;17;22;56;63;43;
043_0025_j.png;156;141;24;28;112;111;43;
043_0026_j.png;122;108;26;23;94;86;43;
043_0027_j.png;111;102;21;17;82;79;43;
043_0028_j.png;116;110;23;18;92;83;43;
043_0029_j.png;206;190;30;26;171;155;43;
043_0030_j.png;134;121;22;23;102;96;43;
043_0031_j.png;241;233;37;38;201;189;43;
043_0032_j.png;122;118;22;17;95;94;43;
043_0033_j.png;101;108;13;22;88;81;43;
043_0034_j.png;105;99;19;20;77;70;43;
043_0036.png;78;76;11;9;64;56;43;
043_0037.png;78;76;13;10;64;56;43;
043_0038.png;78;76;13;10;64;56;43;
043_0039.png;78;76;13;8;64;56;43;
043_0040.png;115;101;26;18;85;75;43;
043_0041.png;115;101;26;19;86;75;43;
043_0042.png;115;101;25;18;86;75;43;
043_0043.png;115;101;26;18;85;75;43;
043_0044.png;113;101;32;29;76;69;43;
043_0045.png;123;121;29;25;89;79;43;
043_0046.png;123;121;30;25;88;79;43;
043_0047.png;111;103;27;20;81;74;43;
043_0048.png;111;103;26;21;81;74;43;
043_0049.png;156;137;32;19;113;98;43;
043_0050.png;156;137;32;20;114;99;43;
043_0051.png;105;99;26;20;77;68;43;
043_0052.png;105;99;26;21;77;68;43;
043_0053.png;106;96;25;18;75;64;43;
043_0054.png;106;96;25;18;75;64;43;
043_0055.png;170;145;50;34;122;105;43;
043_0056.png;170;145;49;32;124;105;43;
043_0057.png;78;76;12;10;64;55;43;
043_0058.png;78;76;13;8;65;56;43;
043_0059.png;113;101;31;29;77;69;43;
044_0001_j.png;91;89;19;18;66;61;44;
044_0002_j.png;101;101;21;25;77;78;44;
044_0003_j.png;96;105;17;26;73;78;44;
044_0004_j.png;160;158;35;31;128;121;44;
044_0005_j.png;149;157;27;31;122;121;44;
044_0006_j.png;126;120;21;21;101;96;44;
044_0007_j.png;234;232;37;51;198;200;44;
044_0008_j.png;121;125;19;25;96;96;44;
044_0009_j.png;249;225;34;34;198;179;44;
044_0010_j.png;119;115;17;19;94;87;44;
044_0011_j.png;113;103;28;25;79;75;44;
044_0012_j.png;175;160;35;26;137;128;44;
045_0013.png;208;200;33;35;171;158;45;
046_0002_j.png;157;143;29;28;113;109;46;
046_0003_j.png;105;100;21;19;81;73;46;
046_0004_j.png;90;78;22;18;64;57;46;
046_0006_j.png;69;74;11;17;48;52;46;
046_0007_j.png;96;103;19;22;74;74;46;
046_0008_j.png;123;112;26;19;89;75;46;
046_0009_j.png;173;175;27;33;146;143;46;
047_0001_j.png;120;102;27;21;95;82;47;
047_0002_j.png;120;102;28;23;94;82;47;
047_0003_j.png;88;80;22;21;66;61;47;
047_0004_j.png;113;108;16;18;92;89;47;
047_0005_j.png;110;99;17;19;85;80;47;
048_0001_j.png;122;114;22;19;103;83;48;
048_0002_j.png;167;163;28;33;148;124;48;
048_0003_j.png;121;116;24;26;100;88;48;
049_0001_j.png;88;94;17;21;68;72;49;
049_0002_j.png;165;161;29;32;138;126;49;
049_0003_j.png;78;82;14;19;62;62;49;
049_0004_j.png;150;145;28;29;116;118;49;
049_0005_j.png;77;70;15;15;59;55;49;
049_0006_j.png;151;141;23;26;117;113;49;
049_0007_j.png;267;259;33;43;221;223;49;
049_0008_j.png;148;146;25;34;113;118;49;
049_0009_j.png;87;91;16;15;71;72;49;
049_0010_j.png;158;163;22;34;132;130;49;
049_0011_j.png;82;77;19;18;60;59;49;
049_0012_j.png;157;145;27;25;126;116;49;
049_0013_j.png;261;264;33;48;229;230;49;
049_0014_j.png;135;122;28;22;102;94;49;
049_0015_j.png;252;235;38;33;221;202;49;
049_0016_j.png;131;128;18;25;104;106;49;
049_0017_j.png;97;94;21;22;74;73;49;
049_0018_j.png;180;172;33;30;146;133;49;
049_0019_j.png;97;92;22;22;72;67;49;
049_0020_j.png;195;164;41;30;148;126;49;
049_0021_j.png;133;121;22;22;102;91;49;
050_0001_j.png;274;268;8;18;235;247;50;
050_0002_j.png;107;104;18;21;83;81;50;
050_0003_j.png;151;132;29;22;111;100;50;
050_0004_j.png;182;176;33;28;148;138;50;
050_0005_j.png;113;101;27;22;85;76;50;
050_0006_j.png;101;88;25;20;71;63;50;
050_0007_j.png;120;112;27;22;90;78;50;
050_0008_j.png;148;144;23;22;117;107;50;
050_0009_j.png;153;150;21;34;135;128;50;
050_0010_j.png;203;213;24;39;177;162;50;
